11111111 cnm um> 1111111111 ozam 1111 cmm 111 mm. 525

111 11111111 111111 1111) 1111111 11111.
1111111111. 311 111111 1111111111 111111 11111.
ξ’ζξῐῗὲ· 11111 111111 11111 1111 11111 1111,
iiij. 1111 1111111111111111111111111111111111,
1111 11111 11111 1111111, 111 111 111 .
3111 &ettamen 111111 1111111,
11 11111 11 111 111111111 1111 3111111111
1111 11111111111111111111111111. ziffi‘afflnffl'
511111 11, 1111 111111111111111 1111111.
&ann 1111111 111111 1111111 1111111, 1111111111 11
1111111111 111111 111 11111111. mmm·
1111 jd] 1111 1111111111 1111111 1111111
1111111. ’ 11111 1111111111. Su 1111111111 11 στὶ-1111111111-
·Ὴθᾳ· 11111 11111 1111 11111111 1111 111 1111. ἑξῖῗῑέίὴῗέὲξὲἑω
11111111 111 11111111 1111111 11111 , ’
1111 1111111111 11111, 111 1111 111111.
ε1111 11111 1111111111 1111111,
111 11111111 1111 111 111111 111.
pus 11111 1111 111 11111 111 11111, 1111111111·
1111 311 11111111 111111 111111 11111111 mmmmm·
311 1111111 111 111111 11111 1111111 1111111111
1111111111 1111111 1111111111 11111, 3ὖ““ ’ΨΜ-
111 11111111) 1111 1111,1111 111 11111,
1111 111 1111111111, 111 111111 1111111111.
1111 11 1111111 1111111111) 1111111 111,
11 1111111 1111111 11111111 111.
1111 1111111111111111111 1111,
1111 1111 11111 111111 11111 111 11111.
uit 1111111111 11111 111111 1111. 1111111111
wolanff 1111111, 11 1111 111 111, mmm? ”mm
mit 1111111 1111 1111111111,
1111 1111 111111, 111111111111 11111.
¹ 81111111111111111111111111, mmmm
111 1111111111] 1111111111 11111 1111111111. sum·

——ae——1

¹⁵³³ 111111 5.⁶. 11111113. ’5311111111 111, 5. ’1711111111
1111111411· ¹⁵³⁸ 311111. 11111111. ¹⁵³⁹ 111 M. ’Μ’ 1111111113, ”” 111
²···⁶· 1111111113. ¹⁵¹⁴ 1111111. ’51111111111111 11111,1..1.11111,5.6.
¹⁵⁴⁹ 111. 11. 111 11. 1511111111. 1111111. 11111111. 1111111.
1114, '⁵⁵¹ 111113, 111115. ¹⁵⁵³ 11111111. 111111111111111111. ’1111111-
11113. ¹⁵⁵⁵ 11111111 111. 115. 11115. 111111, 5. ’51111111111111
M· 5111111115, ’5111111111111111111111115. 1111111111111 1111.
¹⁵⁵⁹ 1111113. 11111116. 1111111111. ’5101111111 16. ’·””’ 11111111. ,15111111
11111111, 1111111, 1111111115. ¹⁵⁶⁵ 1111111111. ’51511111111111

 

