ADDENDA Ab VOL. V. 1111111111.1111111111111111111111111111. 569

ωωωωωωωωωψώψωῶωωωωωωωψ1
11111, 111 1111 11111111 11 11111111
am 11111111 4 111111, 11111 1111111 111 1111111, 111 1111111131111111111111111.
111 1111111, 111 1111 1111111 111 1111111111 11111111 1111 11111111, 111 51111 111111
5 1111111 11111 11 11111 11111111, 1111 1111111111 11111111111111111111111111111111111
11 111 111 111111.
zm 13111111 5 111111, ,111111111 111 1111111111 111111 11 111 131 1111 11 111-111,
11111111 1111, 11111 11 111111 11111111 111 11 111 1111111111111111111, 11181111
1 1111111 11111111, 1111 1111111 1111111 1111111, ο1111111111 11111111 11111,
111111 111 11111111111111111 111111 111 1111111 11111 11, 11111111111111111, 11
111111 1111 11111111 Ι 11111111 11 111111 111 1111111111 111 1111111111, 111111 111111
111111) 1111111 111 111 1111 1111 111111111111) 1111111111111111111111111111
111111111111111 1111111111 1111111111) 11111111, 111 1111111111 111 1111111 111 11111
111111 111 1111111 1111 1111 1111, 11 111 11111 1111111111111111111111111111
1511111 1111, 111 111 1111111111111111 11111111, 111111 11111 1111111 1111111, 11
111 1111111111 31⁰1 111111 111111111111111111111111111 11111, 11 111111 111111
11111 1111111 1111111.
311 1111111111 1 1111111111, 11111 1111 1111111, 111 11111111 111 1111111111 1111111.
111 1111111111 111111 1111111 1111111111, 1111 111 1511111111 11111 11 111
2151111111 1111111111 111111 111 1111111111 1111111111 111 11111111111 1111 11111
11111 1111111, 51111 11111111 111 81111111 111111, 111111111111111111111111-
1111, 111111111 11111111, 11111111 1111111111111 11111, 11111111111111311 11111
111111111111 111 111111 111111 11111111) 111 1111111 111111 111111 1111111 111111111111
111111) 11111111 31111 1111111 111111 11111111111111 1112111111 111111131111111
151111111111 1181111111111 11111111 1111111 111 ,1111111111111 11111111 11111111-
11111111
ἑλπι 1111111 7111111111, 111111 111 11111111 11111 111 1111111, 111 111111 111111.
51111111 1111111 11111111 11111111111,1111 1111111111 5111111111 111111 1111111
{Mu 111111183111111, 11111 11111 1111 111 1111111, 111 111 1111111111 111111.
³⁰ 11111111, 1111111111, 11111111, 1111111, 11111111, 11111111111111111 11111111, 111
111 1111111111 11111111 11111111·
3111 81111111 9 111 1111111, 11 111 11111 1111 111 1111111, 1111 111) ,11111111 111111- 111.
111, 1111111111, 1111 111111 1111111111111111 111 1111111111111111 11111111)
1111 11111 11111111, 311111 1111111 111 11111111 1111 3111111111 11111111 1113111111
3511 1111111, 1111 11 11111 11111111, 1111111 1111111 1111111111111111111, 111 1111111111
1111111111111111, 1111 1111 111111 1111111 111111, 11111111 11111111 111 1111111111111
1111111, 111 11111 5111111111 1111111111 1111111111 11111111, 1111 11 111111 11111
11111111111111 5111111111 8 1111 11) 1111 11111111, 111 1111 1111111111, 111
11111111 111111 1111111 11111111.
⁴⁰ 3¹1¹ 511111 1111111111, 111 1111 1111 1111111111111 111111 1111111111111151111111,
1111101111,1111111 111111 111 111 1111111, 31111 11111 111 111 11110. 111111 111111 111111. ’
11111111111111111 1111111· 11111111 11111111. {Aba 11 1111111 1111111111 11 11111,

⁴ 1111111111. 11111111 1111111111 l 111111111111111111111111111. 1111. 1. 1111111,
111 1111111111111111111 1111111 1111111111. ¹¹ 1). 1. 1111111, 1111111111 111111) 111
1111111111 111 8, ‘mai 1111. 1111111111, 111. 111. l. p. 311. ¹² 1111111111 111 1111111
1111,ὓ11111111111111111. ¹³ 11111111 1. 111111111111. 211111111111111111111119111
11111111111111111111, 111111111111111111111 11111111111111. ²⁸ 111111 1111111. ” 1111111]
1111111111. ²²³⁰ 1111111111 111 111· 111, (1111111111, 1111111111, 1111111111 (1111111111),
1111111111, 11111111. 311111111111. 11111111,111111111111 381111111111.

 

