numu cuo mm ἾΟΒΙΔΗΠΗΟ amu DB! onwm 1)ssss nArsTs. 507

99999 9919 919 [9191999199 99999991,
ij. 999.. ijij. 999 919 99999911 mmmm) 99999 19991, 9199999119
31 2¹0²? ss'iij. 9199999999991119999999, ΝΜ·
99 19191999 99999919 9999999 [1919.
§aaa 9999 919 1999999911, 999 19999,
999 99999 999999 [91999 9919 991991.
09119 991199 919991) 19 §chnut 19991,
999 19999919 1119 9191919999999991,
99919999 99 91919 999 91991111 1999,
999 999 99)1 uit 919 999 919999 9999,
Sunt 999 9999 99919, 999 1199999999,
9919999911, 999999 9199991999 9911,
0991999. 9999 999911 999 399199 999 jm 91191991,
fflssn 999 999 999 99 999 999 1119911199 919999,
Hiero. ru· 999 9919 999 grimm, 999191 9919999,
9⁸⁰¹'h‘ 9999999919 bie 1999119 99991119 99919991.
89199 9999199999911,1[19 9999 999),
999 919 9191999 9999999 999919 99919. 1999919999·
§MD 99999 9911991, 999 1999 999919, ''mm‘'
999 1991999 81999999 9919 jm 919191, 991199 9199919.
999 1999119999 919 9991) 99999999 119919
999 199999 911 in 919 (timna) 99911.
999) 99911919 [91999 999 manen 991, 999 9191199 999.
999 1199111999 aud) 9999999991 1999.

Sue 19999999, 99 9999 [91991919 911 9199999 9199199-

⁰⁸⁰ 313 199199 19999999 9199999 9919, 1999991999.

9919991 9999 999 9199 99999 919 9991
919 99999 19919999 1991199 [nl.
1999999 999 99 999911 919 1991999 [thou¹
999 9999 9991 199 999 99911119) 99999.

9199999 9999 919 manen 999199. ⁹⁶³ 99199 391. 9919 4. ⁰⁶⁰ [9199991119 2.3. [9999991199
M. 9999999999, 5. 9999999993. 917999993. 99113. 91993. ⁹⁵⁵ Da 1919 3.
9999991929. 9999191993. 99999999 4. [9199. 3. 9599199. 99119999 3. 1999, 93.
19999, m. ⁹⁰⁰ 99999 2.3. 9919 4. 99199923. ⁹⁶¹ 9919999) 9339. 99199999-
1999 5. 1999, 2. 9. In 4. additur 99999999. In 5. ad my..- 399999 999 19 [immo
999] 9999999 99999999, 9999 1415. 11299999993. 999 93. 999999. 2. 99999,
M. 1119995. 1191919993. 164999119. 99999,9.91.,911999,3. ’1199999199-
9919 2. (9.) 5. 1179991. 999992. 1999 91999 9199999, 3. 919999, 9. 1689911999 3.
9199993. 1119991999. m. 1719991923, 9999 919199, m. 9191999 9999 (om. 999) m.
’11991999339919999991999 ⁹⁷⁵ 9119 93. 9999999911. ⁹⁷⁷ 91919 199 93.
91991994. 9991), 9. 9999, 6. ,4919999999 999 919999 9999, 9999999 9199 9199999
991999. ’7199999999999999999999993 19999. 2. 9711999993. 99993. 1999191919
m. ⁹⁹⁰ 9991991. 9199119959. 91291199994. 1999999993. ⁹⁸³ 99919 3. 111999999.

 

