1111111 cmo 1111ο111111111 11111 nnn 1111111 uns 111111. 51 1

§ab 1111111 111 1111111111 1111 1111,
, 1111 11111111 1111111 31⁰1 111111 111111
311 11111111 1111 1111111111 1111111, “izv
1111 111111 11111111111111111111 1111. 11111111.
11 111111 111 [ud] 1111 111111 1111,
1111111 [ab 1111111 11111 11111.
litt 1111111 1111) 1111111111 1111,
1111 1111111111 1111 111 111111 1111
111 11111 11111111 1111 11111.
111 [111111111111 1111111 111111. 11111 1111111
(11111111 1111 111 11111 [u 1111111111 000000·
1111 1111111111 111111 11111) 1111111111,
111 111111 11 111111 111111 111 1111,
111 111111 1111 11111 111111 111.
«batt 111111 11 1111111 1111111 1111, 1111111111 1111
1111 1111111111 11111 111111) 11. 00000000·
wal 1111 id) 111 111 1111111111 11111. 11111 11111111
1111111111) 111111 111 1111111, 0010100000 0100·
1111 11111111 11111 11 1111111 mid).

¹¹00 Su 1111111111111111111111111) ’ 111 1111111111)
111 1111111 11111, 111 1111111 1111, 1010110011 110-

111 [all 11111111 111 1111111111,
111 1111 1111111111 1111111111, ’

1111 11111 11111 11 1111 11111111 11. 1111111111
”ab 11111111 1111111 111111 1111 0011 0100000001

, 0 1111111111.
11 1111111,111111111 1111 11111,

111 1111 11111111 1111 111 sm,
1111 11111111) 11111 1111111111 1111.
,1111111 1111111111) 111111111111 111111.
1111111111 111111 11111 11111ἰ 1111111, 11111111.
111 1111111 i& 111 111 11111111,
m mmwmfflmmm
«1 ,01111 it 1111111111, 111111 111,
[11 1111111111 1111111 1111.

0000 1111111111 5. 000011113. 11115. 1111113. 11111114. 11111111 5. b.6.
0000 11111113. 0000 111112...11.6. 111115. 00001111 11111 (111111) 2. 0000111111
1111113. 00001111] [114. 000011111111141. M 0000111111...6. 1111113.
16. 00011111111111112..1. 0000111113. 11111. 0000111131. 0000111111-
11111...6. ¹¹⁰¹ 1111111111. 11111111,2.3.1111111111,5.1.6. 00001112. 111
ms. 1111111. 000111111111,4.1. 00011112. 111 2...1. 11111111.
0000 1111111111. 11111. 100711112. 00011111111111112.1111111111115.
00011114. 1111111111111111111111111111111. ¹¹¹¹ 1111113. 1111111. 001111
m. ¹¹¹³ 11111191..- ζ(111111 ῧ1111111111 blau.

 

