508 numu cnm 999 1919199991999199111 (1911991 mss 999191.

,31119 111 11911119 11911111 11191.
1191191991 1111199199 9911 911 1111111191,
mm· 19119111 1111 119 9111111 191.
991 81111191 1191 9119991 119111 119 aad).
191 1111119 911111 1111111119,
191111, 999 1111 11199 19111 1111119 1919.
gum· 11111 1911111 991 9111191111 11111111,
991 911 119119 111 111 1111 111111.
mmmmnmmm
1111191199- met 9111999 11199 91191111 111 191,
mmm· 9911) 991111911119 11999911 11111
991 1191 19911111 111119 111111 191 11111,
19199911 111 191 119 11199919 911111111119,
Μ· 111 1911119 1111919911 1111 1191 11119.
{anavus pit 1111111119 d:us 1111111119 ᾖ31911, Β Aet'. iiij.
· 1999 19 9999 11 1 ,19 111 199 999, “ ’
jd, 119111 9111 9111111911,
911991 1911 199111911111111191911.
tut 191 id) 1111111 111911 9119111,
1991 111 11111) , 11 199919 191111191111.
111111199919 Banu mit 199 99111 11191119,111
aab. 111 1111111 199119 119119 111911,
191 119119 99111991 11919111 11199,
9999 111 1111111111 11 99111 191999.
111111 111 1191. Qud) 11911911 1991111 11111 111111,
991 911199 199919 1911 111111,
111 111 999 11111119 991119 1911.
1191191999 1991 199111 1111 1111111119 1119111911,
11ῗ1111111,”“1 191 119119 9111111111 199911 119111
⁸ μ’ ’ 9119919191119111119911111119111.
1111 919 91111 11911 111111 91119191 99911911
'‘m'' mum· 1919 119 1999 9199 11119 11119 111111.

-—————

91519119211. 56, 111191.4.1111191,6. 1881119919192.3.111119911916. 111·
1111911, 23. 987111236. 1111113. 111111121111111123.3111111131111
1113. 91999913. 1191112. 91119911113. 1119511196. ⁹⁹⁰ 11113. 111196.
1193. 11111914. 1111991111199116. 99111113. 119119 m. ⁰⁹¹ 99111121.
191115. 199123. 111911. 91211191111. 111111.2.3.11111115.9. ⁹⁹⁴ 11-
91112...5. 1111, 1615. 9151111111111112..1. 1111, 5. 996111116. 311111, 5.
⁹⁹⁷ 9111111111, m. 9111111119, 5. 998111.2.3.11111,5. 9191996. ¹⁰⁰⁰ 1111
2156111114. ¹⁰⁰¹ 111 5. 111191, 21111991, 5. 1001191156. 9111191915.
(91911111) 100199111] 91112. 91113. 991115. 11181111112.1111115.6. 101191111.
19119156. 1111111156. 10101912...6. 11121111111113. ¹⁰¹⁵ 191113. 611-
111 1. 1111116. 1010111991 4. 111991 51119911 6.

 

